256 
0,82
0,74
6,48


307 
0,75
0,68
6,50


368 
0,68
0,68
6,56


441 
0,67
0,67
6,62


529 
0,67
0,67
6,67


634 
0,63
0,63
6,69


760 
0,64
0,64
6,71


911 
0,62
0,62
6,73


1093 
0,61
0,61
6,74


1311 
0,61
0,61
6,78


1573 
0,60
0,60
6,80


1887 
0,59
0,60
6,80


2264 
0,59
0,58
6,81


2716 
0,59
0,59
6,82


3259 
0,58
0,58
6,82


3910 
0,58
0,58
6,83


4691 
0,58
0,58
6,83


5629 
0,57
0,57
6,83


6754 
0,58
0,58
6,84


8104 
0,57
0,57
6,85


9724 
0,58
0,57
8,30


11668 
0,58
0,57
8,29


14001 
0,57
0,57
8,84


16801 
0,57
0,57
9,36


20161 
0,57
0,57
9,96


24193 
0,57
0,57
10,34


29031 
0,58
0,57
10,61


34837 
0,57
0,57
10,74


41804 
0,57
0,57
10,87


50164 
0,57
0,57
11 


60196 
0,57
0,57
11,08


72235 
0,57
0,57
11,63


86681 
0,57
0,57
12,25


104017 
0,57
0,57
12,81


124820 
0,57
0,57
13,43


149783 
0,57
0,57
14,82


179739 
0,57
0,57
13,26


215686 
0,57
0,57
17,07


258823 
0,57
0,57
20,65


310587 
0,57
0,57
21,72


372704 
0,57
0,57
21,81


447244 
0,57
0,57
23,15


536692 
0,57
0,57
24,61


644030 
0,57
0,57
25,22


772835 
0,57
0,57
27,88


927401 
0,57
0,57
31,28


1112881 
0,63
0,62
47,89


1335457 
1,12
0,73
95,25


1602548 
1,27
0,85
106,23


1923057 
1,16
1,13
144,40


2307668 
1,38
1,23
155,69


2769201 
1,20
1,02
172,29


3323041 
1,31
1,25
203,06


3987649 
1,34
1,29
213,35


4785178 
1,24
1,17
211,50


5742213 
1,24
1,24
224,70


6890655 
1,24
1,21
227,66
